input3$data$agg_catch
       [,1]
 [1,]   400
 [2,]   400
 [3,]   400
 [4,]   400
 [5,]   500
 [6,]   800
 [7,]  1200
 [8,]  2100
 [9,]  1700
[10,]  2300
[11,]  1900
[12,]  1200
[13,]  3100
[14,]  7700
[15,]  9800
[16,]  5300
[17,]  5800
[18,]  5000
[19,]  3900
[20,]  3900
[21,]  3900
[22,]  2200
[23,]  3100
[24,]  6100
[25,]  5500
[26,]  5900
[27,]  5700
[28,]  7700
[29,] 16690
[30,] 19814
[31,] 19448
[32,] 13741
[33,] 15307
[34,] 18321
[35,] 21271
[36,] 21410
[37,] 15610
[38,] 18039
[39,] 16953
[40,] 17211
[41,] 16750
[42,] 14988
[43,] 10639
[44,]  6944
[45,]  6935
[46,]  7539
[47,]  6979
[48,] 12520
[49,] 11989
[50,]  6280
[51,]  3267
[52,]  3474
[53,]  3580
[54,]  2759
[55,]  1783
[56,]  4089
[57,]  2564
[58,]  5299
[59,]  4300
[60,]  4158
[61,]  1135
[62,]  1700
[63,]  2464
[64,]  3985
[65,]  4963
[66,]  7341
[67,]  7419
[68,]  5663
[69,]  6562
[70,]  6815
[71,]  3852
[72,]  2057
[73,]  1664
[74,]  1499
[75,]  1806
[76,]  1170
[77,]  1171
[78,]   725
[79,]   218
[80,]   159
[81,]   118
[82,]    44
[83,]    95
[84,]    45
[85,]     8
[86,]    68
[87,]    51
[88,]    15
> 

> input3$data$waa[1,,]
       [,1]  [,2]  [,3]  [,4]  [,5]  [,6]
 [1,] 0.000 0.000 0.000 0.000 0.000 0.000
 [2,] 0.000 0.000 0.000 0.000 0.000 0.000
 [3,] 0.000 0.000 0.000 0.000 0.000 0.000
 [4,] 0.000 0.000 0.000 0.000 0.000 0.000
 [5,] 0.000 0.000 0.000 0.000 0.000 0.000
 [6,] 0.000 0.000 0.000 0.000 0.000 0.000
 [7,] 0.000 0.000 0.000 0.000 0.000 0.000
 [8,] 0.000 0.000 0.000 0.000 0.000 0.000
 [9,] 0.000 0.000 0.000 0.000 0.000 0.000
[10,] 0.000 0.000 0.000 0.000 0.000 0.000
[11,] 0.000 0.000 0.000 0.000 0.000 0.000
[12,] 0.000 0.000 0.000 0.000 0.000 0.000
[13,] 0.000 0.000 0.000 0.000 0.000 0.000
[14,] 0.000 0.000 0.000 0.000 0.000 0.000
[15,] 0.000 0.000 0.000 0.000 0.000 0.000
[16,] 0.000 0.000 0.000 0.000 0.000 0.000
[17,] 0.000 0.000 0.000 0.000 0.000 0.000
[18,] 0.000 0.000 0.000 0.000 0.000 0.000
[19,] 0.000 0.000 0.000 0.000 0.000 0.000
[20,] 0.000 0.000 0.000 0.000 0.000 0.000
[21,] 0.000 0.000 0.000 0.000 0.000 0.000
[22,] 0.000 0.000 0.000 0.000 0.000 0.000
[23,] 0.000 0.000 0.000 0.000 0.000 0.000
[24,] 0.000 0.000 0.000 0.000 0.000 0.000
[25,] 0.000 0.000 0.000 0.000 0.000 0.000
[26,] 0.000 0.000 0.000 0.000 0.000 0.000
[27,] 0.000 0.000 0.000 0.000 0.000 0.000
[28,] 0.000 0.000 0.000 0.000 0.000 0.000
[29,] 0.000 0.000 0.000 0.000 0.000 0.000
[30,] 0.000 0.000 0.000 0.000 0.000 0.000
[31,] 0.000 0.000 0.000 0.000 0.000 0.000
[32,] 0.000 0.000 0.000 0.000 0.000 0.000
[33,] 0.000 0.000 0.000 0.000 0.000 0.000
[34,] 0.000 0.000 0.000 0.000 0.000 0.000
[35,] 0.000 0.000 0.000 0.000 0.000 0.000
[36,] 0.000 0.000 0.000 0.000 0.000 0.000
[37,] 0.000 0.000 0.000 0.000 0.000 0.000
[38,] 0.000 0.000 0.000 0.000 0.000 0.000
[39,] 0.101 0.348 0.462 0.527 0.603 0.778
[40,] 0.115 0.344 0.496 0.607 0.678 0.832
[41,] 0.113 0.316 0.489 0.554 0.619 0.695
[42,] 0.108 0.312 0.544 0.635 0.744 0.861
[43,] 0.116 0.342 0.524 0.633 0.780 0.931
[44,] 0.102 0.314 0.510 0.690 0.803 0.970
[45,] 0.114 0.329 0.462 0.656 0.736 0.950
[46,] 0.101 0.322 0.493 0.656 0.816 1.072
[47,] 0.122 0.335 0.489 0.604 0.707 0.840
[48,] 0.115 0.301 0.485 0.650 0.754 1.082
[49,] 0.140 0.296 0.441 0.607 0.740 1.010
[50,] 0.162 0.239 0.379 0.500 0.647 0.797
[51,] 0.181 0.361 0.505 0.642 0.729 0.800
[52,] 0.181 0.341 0.540 0.674 0.854 1.015
[53,] 0.121 0.324 0.524 0.680 0.784 0.875
[54,] 0.103 0.328 0.557 0.696 0.844 0.975
[55,] 0.100 0.327 0.520 0.720 0.866 1.053
[56,] 0.105 0.290 0.395 0.585 0.693 0.845
[57,] 0.121 0.237 0.369 0.486 0.723 0.877
[58,] 0.101 0.293 0.365 0.526 0.651 1.110
[59,] 0.100 0.285 0.379 0.501 0.564 0.863
[60,] 0.227 0.255 0.364 0.473 0.619 0.755
[61,] 0.197 0.315 0.357 0.461 0.606 0.808
[62,] 0.145 0.272 0.391 0.535 0.699 0.981
[63,] 0.228 0.291 0.376 0.495 0.697 1.066
[64,] 0.201 0.293 0.421 0.533 0.605 0.888
[65,] 0.171 0.362 0.476 0.594 0.695 0.830
[66,] 0.234 0.404 0.479 0.598 0.753 1.391
[67,] 0.218 0.372 0.489 0.611 0.822 1.084
[68,] 0.264 0.379 0.484 0.660 0.835 1.132
[69,] 0.221 0.371 0.485 0.664 0.836 1.074
[70,] 0.226 0.295 0.437 0.587 0.726 0.968
[71,] 0.136 0.351 0.450 0.593 0.760 1.000
[72,] 0.119 0.310 0.420 0.532 0.753 1.003
[73,] 0.198 0.291 0.399 0.498 0.690 1.024
[74,] 0.122 0.339 0.424 0.524 0.661 0.985
[75,] 0.248 0.351 0.444 0.541 0.676 0.764
[76,] 0.226 0.334 0.449 0.530 0.645 0.778
[77,] 0.224 0.354 0.463 0.555 0.636 0.745
[78,] 0.208 0.335 0.457 0.553 0.653 0.787
[79,] 0.227 0.322 0.427 0.560 0.681 0.805
[80,] 0.218 0.357 0.444 0.525 0.650 0.802
[81,] 0.186 0.325 0.446 0.511 0.643 0.815
[82,] 0.186 0.476 0.413 0.511 0.628 0.645
[83,] 0.341 0.286 0.409 0.496 0.569 0.722
[84,] 0.341 0.302 0.443 0.455 0.613 0.719
[85,] 0.128 0.232 0.341 0.509 0.502 0.813
[86,] 0.220 0.270 0.268 0.308 0.496 0.733
[87,] 0.220 0.270 0.432 0.466 0.594 0.619
[88,] 0.145 0.351 0.448 0.520 0.558 0.644
> 

